#format: frame checksums
#version: 2
#hash: MD5
#software: Lavf60.16.100
#tb 0: 1/24
#media_type 0: video
#codec_id 0: rawvideo
#dimensions 0: 1280x720
#sar 0: 1/1
#stream#, dts,        pts, duration,     size, hash
0,          0,          0,        1,  1382400, 6b74821383c1990c30e008e374cd45f9
0,          1,          1,        1,  1382400, 7836ba4d1ec8323f938b786539406c12
0,          2,          2,        1,  1382400, ca8c41c2c82c2650f112d7efc14ae3e1
0,          3,          3,        1,  1382400, 3efe741958a46824931099b3f512d6fa
0,          4,          4,        1,  1382400, 4ff5c8d6f817eb2b5d79cc81dafe186a
0,          5,          5,        1,  1382400, 473760afd805baee501c3c9dfd39c89e
0,          6,          6,        1,  1382400, 00a8c877feecad67eed7e8e78399bb44
0,          7,          7,        1,  1382400, 4742f1b7a611e1ff3130aa2ac30b388e
0,          8,          8,        1,  1382400, d799b60e73aaba5dceb0e962b82682d8
0,          9,          9,        1,  1382400, a94b898be8d32449e0fa6d4985d8cb29
0,         10,         10,        1,  1382400, 7a91ef9a0e1665d65a0a909418469b29
0,         11,         11,        1,  1382400, bbac46f5e41896d4f05d61884ee20a20
0,         12,         12,        1,  1382400, e70237f73400bb553392702d945bfc3c
0,         13,         13,        1,  1382400, 1995ee65601425f7fb14f4c7b88a9722
0,         14,         14,        1,  1382400, b71cd677933bdb4c91b3aba93ecda623
0,         15,         15,        1,  1382400, 400669c99fb39044a69c0a3a7a15300f
0,         16,         16,        1,  1382400, b10fbf4ec3a118dab786005cee451b8a
0,         17,         17,        1,  1382400, 3dc107ed90d1a9bb70e57771c93c7dd0
0,         18,         18,        1,  1382400, 3e42ba8a37bb6e2e0587cff34a68b7e3
0,         19,         19,        1,  1382400, 59926ef07c4f2158c42ffa87fed9a33b
0,         20,         20,        1,  1382400, 7d56453c1afda5484e8292e0e7f8e683
0,         21,         21,        1,  1382400, 56e2fdd0a6d06503f475e98b5ac5fc5d
0,         22,         22,        1,  1382400, c42e4f3e081c29c2cd0f8c1eb4634a33
0,         23,         23,        1,  1382400, 297eb9147bbb1c576fbc736a98ad2fae
0,         24,         24,        1,  1382400, 7b6f59a013e7a1570db1583dee873a0b
0,         25,         25,        1,  1382400, 7876d76605d2a751b666335905961f22
0,         26,         26,        1,  1382400, f6e60acda7d752a6ca68e3dae49cbf3d
0,         27,         27,        1,  1382400, 6987e361bd53577582f92d63a72f926d
0,         28,         28,        1,  1382400, e9643dac3ab1588e68c8f3266ec86b91
0,         29,         29,        1,  1382400, 4180d8045e1bf272ee2102cdd8ba1929
0,         30,         30,        1,  1382400, 207d976c5150b8a45aef2292b6e5d764
0,         31,         31,        1,  1382400, 04053d86050832f1184f648922b90516
0,         32,         32,        1,  1382400, fa13fce06303fbe51b7f1884584b11ce
0,         33,         33,        1,  1382400, b841c5e71df5f92caf8d0a1d133ecb0b
0,         34,         34,        1,  1382400, bf04c9e093120cb0fa3426d426da4be3
0,         35,         35,        1,  1382400, 3f4a611c4af452515df79e179225b704
0,         36,         36,        1,  1382400, 90cc9f72c2fa70d6fa995247fa3015a6
0,         37,         37,        1,  1382400, 891f7d14f7d3e00f670d17c07739c3b1
0,         38,         38,        1,  1382400, 5efe1e5987e23cdcc4a38cdf5db5a5c3
0,         39,         39,        1,  1382400, 2fb2faea78d5349d72f8d875f3b8c98d
0,         40,         40,        1,  1382400, b0c422be61f02212bf3604cba976ca1f
0,         41,         41,        1,  1382400, dc7df3a13d66ebf6d7df3b02473e2d6c
0,         42,         42,        1,  1382400, d0ac4ecac90cf06be6ccb47ec58d97ec
0,         43,         43,        1,  1382400, 2e7bcad9a04850812cb223f8ea19fb49
0,         44,         44,        1,  1382400, e49ef659aa41b9684d96daa4deca2080
0,         45,         45,        1,  1382400, f9431db9df2117fcfa536b0366bd6a42
0,         46,         46,        1,  1382400, c342e4c2ba5f1fd843ee105bce87bf12
0,         47,         47,        1,  1382400, fe00d07eed509308c67afeb67dd4b390
0,         48,         48,        1,  1382400, 13d14195f69bf2bc029c4fd7cca5fca8
0,         49,         49,        1,  1382400, 91c50404fe815388027c854a5b6ab0af
0,         50,         50,        1,  1382400, 1bf4e6d7a900e356edb28f4de521d5bd
0,         51,         51,        1,  1382400, 73c9c8e4a7e88c63e49e93db1f7b086a
0,         52,         52,        1,  1382400, 25591666363406e03a8234524d1a7c8b
0,         53,         53,        1,  1382400, 63b3c252ef8b1bdd2aff386f78ea1938
0,         54,         54,        1,  1382400, 5bd579282d90684322b2db7c89982920
0,         55,         55,        1,  1382400, 1c19c104ee76aad65ebc6178fdb8c804
0,         56,         56,        1,  1382400, 5823358b4a8df0ed6cad45086ca56a65
0,         57,         57,        1,  1382400, 013a9fc341fcd1b905c382e29029636f
0,         58,         58,        1,  1382400, 146200589de84fe4c24d54f623edb7e7
0,         59,         59,        1,  1382400, 1e552a26306dab1b5d4b78134b80db35
0,         60,         60,        1,  1382400, abc8275672e271fe5d144ef718856383
0,         61,         61,        1,  1382400, 37a1166e37eeaecdfc377ce97ce267d9
0,         62,         62,        1,  1382400, e27be6d15faaebdbdbf0109defeb978e
0,         63,         63,        1,  1382400, 33cbd628038cfdd2e07e884dfee5d3c4
0,         64,         64,        1,  1382400, 9770a29fc00c5df2afcb34abf8444a4d
0,         65,         65,        1,  1382400, a453c599081b495e2bd163bfe0d5b6a9
0,         66,         66,        1,  1382400, 8563d34b16f493303a1b4922f0b16d68
0,         67,         67,        1,  1382400, b9f4ee6d4f2434d4bb130c6d73035945
0,         68,         68,        1,  1382400, e8997490e33597e98c223d964285a0fc
0,         69,         69,        1,  1382400, c1232e2ad99078e02208cb0145ea9ff6
0,         70,         70,        1,  1382400, 921719667b6ca70390e040dddca6fdff
0,         71,         71,        1,  1382400, 7df94b640cbc23165d68c31115c8e949
0,         72,         72,        1,  1382400, 16c81649cd465a6c04c1af5ec19911aa
0,         73,         73,        1,  1382400, 8ac81fa1cf628596a3f9e9d33145e29e
0,         74,         74,        1,  1382400, bcf5127ab1f511def0dcb9d396561a00
0,         75,         75,        1,  1382400, 9a070fd62d672a82e103e146c996b2b9
0,         76,         76,        1,  1382400, 6e93f2689342ae83cabe228e03511f5c
0,         77,         77,        1,  1382400, 6a8f299368380bae2c3f4e5c17ff52e8
0,         78,         78,        1,  1382400, 7ae31343df217e345671ad931bb48ac4
0,         79,         79,        1,  1382400, a7ec49c63efeea3770b895d5e79f6973
0,         80,         80,        1,  1382400, 5eca44cb2a448489dd01fe757a79a76c
0,         81,         81,        1,  1382400, f24fc229c828c610511f58ad0374cd7c
0,         82,         82,        1,  1382400, 3abf9a078f6c46fb31253a63f5c29dda
0,         83,         83,        1,  1382400, bebe01717235d9e38871ec42e5af7d9b
0,         84,         84,        1,  1382400, fbfe2acc67f0856212280f677d1166b9
0,         85,         85,        1,  1382400, 2e8fae955a837318457e61b7870e1c13
0,         86,         86,        1,  1382400, a476fc7cc2d86c9aaa0e0ce2ef41c91b
0,         87,         87,        1,  1382400, 7062720ab74b3882acb87a54f6378f58
0,         88,         88,        1,  1382400, edc196b2a054e554eaa73ee89fc7bf65
0,         89,         89,        1,  1382400, a1b506ef2c1660a2afa09646bcb200e0
0,         90,         90,        1,  1382400, 242194120d25f7fc255765a427c59395
0,         91,         91,        1,  1382400, 3cf2c52b3ee7414d42255208a4a2ff48
0,         92,         92,        1,  1382400, 226e7a130fc9248348add9cddabf1340
0,         93,         93,        1,  1382400, af5980d548f80a77f829a791f8273247
0,         94,         94,        1,  1382400, cd5b81155aa30fb223ea74489ceba9c2
0,         95,         95,        1,  1382400, 93161e60f63f4f5faab761d6ac0d47e2
0,         96,         96,        1,  1382400, 686ff5ea442ef5c080893cc3392f609e
0,         97,         97,        1,  1382400, 384d865941a2251911ee5972a69063ed
0,         98,         98,        1,  1382400, b91813834cc3105df0b10a1462f4cac7
0,         99,         99,        1,  1382400, 4c62418c6f81cd7b548a2b8b5dca2bfa
0,        100,        100,        1,  1382400, 09ed4c1c94c9a780bb0a681ac589338e
0,        101,        101,        1,  1382400, 3fb5e16f7edecdd52f59a12d86e6b6a7
0,        102,        102,        1,  1382400, 8d6284635572039e82c496fff9dd9fef
0,        103,        103,        1,  1382400, a51e0e346b5edfac589d35a0ce8e9ca6
0,        104,        104,        1,  1382400, c7f418b8faddbc99c97ab3e136680dd1
0,        105,        105,        1,  1382400, ac85ad2a4e851c49bcbe1cbcf21cbfc2
0,        106,        106,        1,  1382400, fc29da266901c0f7235c7690cebcacd9
0,        107,        107,        1,  1382400, e00321d754c6665edd84b2574b758016
0,        108,        108,        1,  1382400, 5c841f745d739898bdb04ff5fba926d2
0,        109,        109,        1,  1382400, ed512cb12b8ee2caf65704fe3dab599e
0,        110,        110,        1,  1382400, 9680b2ba6505be78cacb9569dc589fc6
0,        111,        111,        1,  1382400, fcadd0eca7b97d7c17f2f52e53703ecb
0,        112,        112,        1,  1382400, 4446eafde7fa6a6e49555eddb8c12894
0,        113,        113,        1,  1382400, 6897cc5108c0a218c1eaf80f065c42b3
0,        114,        114,        1,  1382400, 3678b475bc6f687d969add358efdb9d8
0,        115,        115,        1,  1382400, c9d250a5464022c151e2f79424bb86aa
0,        116,        116,        1,  1382400, ee3792161ea9548a5493a8c02cbad5a2
0,        117,        117,        1,  1382400, 25d36a640beda9720b8d2eb211663831
0,        118,        118,        1,  1382400, 6989ad47755d0a109c1db985a8d2a4f1
0,        119,        119,        1,  1382400, 697f68343cbf0460eaa95d189a6b89c1
0,        120,        120,        1,  1382400, 3d72b38f37ff7df5235e9194c1db7178
0,        121,        121,        1,  1382400, b733623a24d9ef87f6f4b9a329944fa0
0,        122,        122,        1,  1382400, 08e4eba63545d49359e9b80c099f0544
0,        123,        123,        1,  1382400, e710b70a3ce77ada02c9409ab7b3ce44
0,        124,        124,        1,  1382400, 6b9890f0af7512207d3defcc50983995
0,        125,        125,        1,  1382400, 57b2fef4ee4df97063e37d7470d81697
0,        126,        126,        1,  1382400, f663942bd146d86e7abf90982f885ea4
0,        127,        127,        1,  1382400, 198ca72ae167d08d012da9e9989b15e2
0,        128,        128,        1,  1382400, 19fd1c57e5b39ecd25042f405dab9f0f
0,        129,        129,        1,  1382400, dfc16bf7b6ee4ed0d3cefb030a05719c
0,        130,        130,        1,  1382400, f56b8caf288d33438453e376dcf8d42a
0,        131,        131,        1,  1382400, 6de40c67f9f5b998dde927bbfb8be1e8
0,        132,        132,        1,  1382400, 33109cb935d7d39a2fd481228c9830d8
0,        133,        133,        1,  1382400, 75361bdc3262d47bc21aaed429d99493
0,        134,        134,        1,  1382400, 8c4ee21b009edb6e08a6f20ef8e03108
0,        135,        135,        1,  1382400, b71b7c1377bd20569c6190459e030699
0,        136,        136,        1,  1382400, 4d954f14fe9753008b52391fdf6d9368
0,        137,        137,        1,  1382400, e89f36b3a0c1edba9f06ee7ab412ddd2
0,        138,        138,        1,  1382400, 4376ec20b4d579f62480fddca3a2257c
0,        139,        139,        1,  1382400, 3c95f09caeae6b36f2fd7c74cf0b64fc
0,        140,        140,        1,  1382400, 3ff7c75f917e805a3991fd7d515e9771
0,        141,        141,        1,  1382400, f9bca20f22fb9153e4ca9de023a4aa1c
0,        142,        142,        1,  1382400, bb98c7e686d360b6334563e8216b1cef
0,        143,        143,        1,  1382400, 26c2ad4748fe459bc3f3a45f5517791d
0,        144,        144,        1,  1382400, 27e3c66e78b2ef0c85c7b32b04017537
0,        145,        145,        1,  1382400, 8bc74a85f09908df6be13b6123b368f3
0,        146,        146,        1,  1382400, 726e907fcec3c545fac7210d0c54ecdd
0,        147,        147,        1,  1382400, 7c3d37b73cecf7a447187320f4e256ff
0,        148,        148,        1,  1382400, 63e2fc259cc9009d5a2deaab296dd49d
0,        149,        149,        1,  1382400, e4d3ad4e8ec689ec1ef431326ffb2a85
0,        150,        150,        1,  1382400, db80b062e66e43bcdc354a81ec96e5b1
0,        151,        151,        1,  1382400, 9c2577163a5f5a2212b36def85dcdc1f
0,        152,        152,        1,  1382400, 8e57b1a2bd3aaaa93aaed7ff19dd457a
0,        153,        153,        1,  1382400, 60ad48dc4329206c408a524d870df446
0,        154,        154,        1,  1382400, ce2501aeba02abe57e048e394d07913c
0,        155,        155,        1,  1382400, 135cabebe9d083b3150637996a471c9d
0,        156,        156,        1,  1382400, dd10360bd40e89e854545f9d7f641af5
0,        157,        157,        1,  1382400, a1e9d054241774af08f1e9bc03cca4bd
0,        158,        158,        1,  1382400, e49d07d96074abda008c3aa384846692
0,        159,        159,        1,  1382400, 12ad411518ee3f1ed185921d508b4ab0
0,        160,        160,        1,  1382400, 78daabe4d460aa304e9ca50155f5d9fe
0,        161,        161,        1,  1382400, adb6aebd58521e4cf8042da15307a54a
0,        162,        162,        1,  1382400, ade86c9516e9edfd4d9adc3153385464
0,        163,        163,        1,  1382400, 1e2c7399a28d1ac3a6e5af9d5567997b
0,        164,        164,        1,  1382400, 98ffd1a0d2b35da08d80914e64ec24cd
0,        165,        165,        1,  1382400, 533a330ce89f349d5ffa9484ef8b0fc1
0,        166,        166,        1,  1382400, 97991344e7f074da45ad6471aba3879f
0,        167,        167,        1,  1382400, ea27efe53ba54e7a2b21cd07d182f791
0,        168,        168,        1,  1382400, f50e62f244105f21f874b970bbf9a7fc
0,        169,        169,        1,  1382400, 88a7b20f5e4beea88ee9718f65765b6e
0,        170,        170,        1,  1382400, 66477cab55e67d3488ba9ffd31f25fd7
0,        171,        171,        1,  1382400, fa4c79be91ef67b549b6acd35a61989c
0,        172,        172,        1,  1382400, 88161beefe0252779405544154d48fd8
0,        173,        173,        1,  1382400, 452b475ed2a4a7a383343684d49b4084
0,        174,        174,        1,  1382400, c0399b3a571c2269018863a16d627c16
0,        175,        175,        1,  1382400, c9aa6e27a8d978a8df4e4d2ea779b71a
0,        176,        176,        1,  1382400, dea6cda61ac9ae5d6fb6864fb43008b7
0,        177,        177,        1,  1382400, cad69e4b8c0891c0ae084f6b066c940d
0,        178,        178,        1,  1382400, 8d1037b986105ad739f3aaeb25020118
0,        179,        179,        1,  1382400, a9f02f925e7d5aedf0cd55bb42f7367e
0,        180,        180,        1,  1382400, 1527e889dc8609fa6d03f6a32d2d8b11
0,        181,        181,        1,  1382400, 23f699c59b8e2f7487054d2dd4e2edfc
0,        182,        182,        1,  1382400, 1d98a54d9a8e2075885ba3b0c2fc40b5
0,        183,        183,        1,  1382400, 2d6310993f9ef4a2ead4901482980616
0,        184,        184,        1,  1382400, 5c4f717062626dd647fcf178612fdc71
0,        185,        185,        1,  1382400, 5a42b7ab14c12b11daa56e39a73d8a4d
0,        186,        186,        1,  1382400, 7a9129eee8a6217f7bb10a8c0a60df2e
0,        187,        187,        1,  1382400, 7a7e5de471671310513a8370f3b4cce9
0,        188,        188,        1,  1382400, b311fd8b5bcf6ce2012465d30228f70f
0,        189,        189,        1,  1382400, 5e1a834f657127b1357715495cb64e41
0,        190,        190,        1,  1382400, 408c749974c7b42f4b56e47c28b459f3
0,        191,        191,        1,  1382400, 5fd5057c98534b85161ab9845ce09f8b
